((-0.29, -0.15), 9100)
((-0.29, -0.14), 9700)
((-0.29, -0.13), 10400)
((-0.29, -0.12), 12100)
((-0.29, -0.11), 13100)
((-0.29, -0.1), 13600)
((-0.29, -0.09), 13700)
((-0.29, -0.08), 19200)
((-0.29, -0.07), 23700)
((-0.29, -0.06), 25400)
((-0.29, -0.05), 25900)
((-0.29, -0.04), 25400)
((-0.29, -0.03), 23900)
((-0.29, -0.02), 21900)
((-0.29, -0.01), 18700)
((-0.29, 0.0), 16000)
((-0.29, 0.01), 13400)
((-0.29, 0.02), 9900)
((-0.29, 0.03), 7000)
((-0.29, 0.04), 4400)
((-0.28, -0.15), 4500)
((-0.28, -0.14), 14400)
((-0.28, -0.13), 8900)
((-0.28, -0.12), 9200)
((-0.28, -0.11), 13900)
((-0.28, -0.1), 18400)
((-0.28, -0.09), 20200)
((-0.28, -0.08), 25800)
((-0.28, -0.07), 32600)
((-0.28, -0.06), 34000)
((-0.28, -0.05), 33300)
((-0.28, -0.04), 33300)
((-0.28, -0.03), 31000)
((-0.28, -0.02), 29200)
((-0.28, -0.01), 25400)
((-0.28, 0.0), 22300)
((-0.28, 0.01), 18200)
((-0.28, 0.02), 14800)
((-0.28, 0.03), 11900)
((-0.28, 0.04), 9500)
((-0.27, -0.15), 22700)
((-0.27, -0.14), 35000)
((-0.27, -0.13), 22500)
((-0.27, -0.12), 25800)
((-0.27, -0.11), 30700)
((-0.27, -0.1), 32500)
((-0.27, -0.09), 30900)
((-0.27, -0.08), 35200)
((-0.27, -0.07), 37900)
((-0.27, -0.06), 37900)
((-0.27, -0.05), 37900)
((-0.27, -0.04), 37900)
((-0.27, -0.03), 37900)
((-0.27, -0.02), 37700)
((-0.27, -0.01), 31800)
((-0.27, 0.0), 27500)
((-0.27, 0.01), 22700)
((-0.27, 0.02), 17800)
((-0.27, 0.03), 14800)
((-0.27, 0.04), 12400)
((-0.26, -0.15), 32600)
((-0.26, -0.14), 37900)
((-0.26, -0.13), 26900)
((-0.26, -0.12), 25600)
((-0.26, -0.11), 27700)
((-0.26, -0.1), 32700)
((-0.26, -0.09), 34500)
((-0.26, -0.08), 33300)
((-0.26, -0.07), 37900)
((-0.26, -0.06), 37900)
((-0.26, -0.05), 37900)
((-0.26, -0.04), 37900)
((-0.26, -0.03), 37900)
((-0.26, -0.02), 37900)
((-0.26, -0.01), 37900)
((-0.26, 0.0), 37900)
((-0.26, 0.01), 37900)
((-0.26, 0.02), 37500)
((-0.26, 0.03), 26200)
((-0.26, 0.04), 18000)
((-0.25, -0.15), 33400)
((-0.25, -0.14), 37200)
((-0.25, -0.13), 28300)
((-0.25, -0.12), 31700)
((-0.25, -0.11), 37900)
((-0.25, -0.1), 37900)
((-0.25, -0.09), 37900)
((-0.25, -0.08), 37900)
((-0.25, -0.07), 37900)
((-0.25, -0.06), 37900)
((-0.25, -0.05), 37900)
((-0.25, -0.04), 37900)
((-0.25, -0.03), 37900)
((-0.25, -0.02), 36400)
((-0.25, -0.01), 29700)
((-0.25, 0.0), 25100)
((-0.25, 0.01), 20900)
((-0.25, 0.02), 10000)
((-0.25, 0.03), 3600)
((-0.25, 0.04), 3500)
((-0.24, -0.15), 26400)
((-0.24, -0.14), 32500)
((-0.24, -0.13), 17500)
((-0.24, -0.12), 20400)
((-0.24, -0.11), 23200)
((-0.24, -0.1), 21100)
((-0.24, -0.09), 20500)
((-0.24, -0.08), 34800)
((-0.24, -0.07), 37900)
((-0.24, -0.06), 37900)
((-0.24, -0.05), 37900)
((-0.24, -0.04), 37900)
((-0.24, -0.03), 37900)
((-0.24, -0.02), 37900)
((-0.24, -0.01), 37900)
((-0.24, 0.0), 37900)
((-0.24, 0.01), 35500)
((-0.24, 0.02), 29400)
((-0.24, 0.03), 23600)
((-0.24, 0.04), 18200)
((-0.23, -0.15), 37900)
((-0.23, -0.14), 37900)
((-0.23, -0.13), 37900)
((-0.23, -0.12), 37900)
((-0.23, -0.11), 37900)
((-0.23, -0.1), 37900)
((-0.23, -0.09), 37900)
((-0.23, -0.08), 37900)
((-0.23, -0.07), 37900)
((-0.23, -0.06), 37900)
((-0.23, -0.05), 37900)
((-0.23, -0.04), 37900)
((-0.23, -0.03), 37900)
((-0.23, -0.02), 37900)
((-0.23, -0.01), 37900)
((-0.23, 0.0), 37900)
((-0.23, 0.01), 37900)
((-0.23, 0.02), 33500)
((-0.23, 0.03), 26400)
((-0.23, 0.04), 19800)
((-0.22, -0.15), 37900)
((-0.22, -0.14), 37900)
((-0.22, -0.13), 37900)
((-0.22, -0.12), 37900)
((-0.22, -0.11), 37900)
((-0.22, -0.1), 37900)
((-0.22, -0.09), 37900)
((-0.22, -0.08), 37900)
((-0.22, -0.07), 37900)
((-0.22, -0.06), 37900)
((-0.22, -0.05), 37900)
((-0.22, -0.04), 37900)
((-0.22, -0.03), 37900)
((-0.22, -0.02), 37900)
((-0.22, -0.01), 37900)
((-0.22, 0.0), 37900)
((-0.22, 0.01), 37900)
((-0.22, 0.02), 37900)
((-0.22, 0.03), 32700)
((-0.22, 0.04), 24300)
((-0.21, -0.15), 37900)
((-0.21, -0.14), 37900)
((-0.21, -0.13), 37900)
((-0.21, -0.12), 37900)
((-0.21, -0.11), 37900)
((-0.21, -0.1), 37900)
((-0.21, -0.09), 37900)
((-0.21, -0.08), 37900)
((-0.21, -0.07), 37900)
((-0.21, -0.06), 37900)
((-0.21, -0.05), 37900)
((-0.21, -0.04), 37900)
((-0.21, -0.03), 37900)
((-0.21, -0.02), 37900)
((-0.21, -0.01), 37900)
((-0.21, 0.0), 37900)
((-0.21, 0.01), 37900)
((-0.21, 0.02), 37900)
((-0.21, 0.03), 33500)
((-0.21, 0.04), 25200)
((-0.2, -0.15), 37900)
((-0.2, -0.14), 37900)
((-0.2, -0.13), 37900)
((-0.2, -0.12), 37900)
((-0.2, -0.11), 37900)
((-0.2, -0.1), 37900)
((-0.2, -0.09), 37900)
((-0.2, -0.08), 37900)
((-0.2, -0.07), 37900)
((-0.2, -0.06), 37900)
((-0.2, -0.05), 37900)
((-0.2, -0.04), 37900)
((-0.2, -0.03), 37900)
((-0.2, -0.02), 37900)
((-0.2, -0.01), 37900)
((-0.2, 0.0), 37900)
((-0.2, 0.01), 37900)
((-0.2, 0.02), 37900)
((-0.2, 0.03), 33900)
((-0.2, 0.04), 26900)
((-0.19, -0.15), 37900)
((-0.19, -0.14), 37900)
((-0.19, -0.13), 37900)
((-0.19, -0.12), 37900)
((-0.19, -0.11), 37900)
((-0.19, -0.1), 37900)
((-0.19, -0.09), 37900)
((-0.19, -0.08), 37900)
((-0.19, -0.07), 37900)
((-0.19, -0.06), 37900)
((-0.19, -0.05), 37900)
((-0.19, -0.04), 37900)
((-0.19, -0.03), 37900)
((-0.19, -0.02), 37900)
((-0.19, -0.01), 37900)
((-0.19, 0.0), 37900)
((-0.19, 0.01), 37900)
((-0.19, 0.02), 37900)
((-0.19, 0.03), 34000)
((-0.19, 0.04), 28200)
((-0.18, -0.15), 37900)
((-0.18, -0.14), 37900)
((-0.18, -0.13), 37900)
((-0.18, -0.12), 37900)
((-0.18, -0.11), 37900)
((-0.18, -0.1), 37900)
((-0.18, -0.09), 37900)
((-0.18, -0.08), 37900)
((-0.18, -0.07), 37900)
((-0.18, -0.06), 37900)
((-0.18, -0.05), 37900)
((-0.18, -0.04), 37900)
((-0.18, -0.03), 37900)
((-0.18, -0.02), 37900)
((-0.18, -0.01), 37900)
((-0.18, 0.0), 37900)
((-0.18, 0.01), 37900)
((-0.18, 0.02), 37900)
((-0.18, 0.03), 33800)
((-0.18, 0.04), 26500)
((-0.17, -0.15), 37900)
((-0.17, -0.14), 37900)
((-0.17, -0.13), 37900)
((-0.17, -0.12), 37900)
((-0.17, -0.11), 37900)
((-0.17, -0.1), 37900)
((-0.17, -0.09), 37900)
((-0.17, -0.08), 37900)
((-0.17, -0.07), 37900)
((-0.17, -0.06), 37900)
((-0.17, -0.05), 37900)
((-0.17, -0.04), 37900)
((-0.17, -0.03), 37900)
((-0.17, -0.02), 37900)
((-0.17, -0.01), 37900)
((-0.17, 0.0), 37900)
((-0.17, 0.01), 37900)
((-0.17, 0.02), 37900)
((-0.17, 0.03), 32400)
((-0.17, 0.04), 25300)
((-0.16, -0.15), 37900)
((-0.16, -0.14), 37900)
((-0.16, -0.13), 37900)
((-0.16, -0.12), 37900)
((-0.16, -0.11), 37900)
((-0.16, -0.1), 37900)
((-0.16, -0.09), 37900)
((-0.16, -0.08), 37900)
((-0.16, -0.07), 37900)
((-0.16, -0.06), 37900)
((-0.16, -0.05), 37900)
((-0.16, -0.04), 37900)
((-0.16, -0.03), 37900)
((-0.16, -0.02), 37900)
((-0.16, -0.01), 37900)
((-0.16, 0.0), 37900)
((-0.16, 0.01), 37900)
((-0.16, 0.02), 36700)
((-0.16, 0.03), 30000)
((-0.16, 0.04), 23700)
((-0.15, -0.15), 37900)
((-0.15, -0.14), 37900)
((-0.15, -0.13), 37900)
((-0.15, -0.12), 37900)
((-0.15, -0.11), 37900)
((-0.15, -0.1), 37900)
((-0.15, -0.09), 37900)
((-0.15, -0.08), 37900)
((-0.15, -0.07), 37900)
((-0.15, -0.06), 37900)
((-0.15, -0.05), 37900)
((-0.15, -0.04), 37900)
((-0.15, -0.03), 37900)
((-0.15, -0.02), 37900)
((-0.15, -0.01), 37900)
((-0.15, 0.0), 37900)
((-0.15, 0.01), 37900)
((-0.15, 0.02), 35400)
((-0.15, 0.03), 28400)
((-0.15, 0.04), 19900)
((-0.14, -0.15), 37900)
((-0.14, -0.14), 37900)
((-0.14, -0.13), 32700)
((-0.14, -0.12), 36500)
((-0.14, -0.11), 37900)
((-0.14, -0.1), 37900)
((-0.14, -0.09), 37900)
((-0.14, -0.08), 37900)
((-0.14, -0.07), 37900)
((-0.14, -0.06), 37900)
((-0.14, -0.05), 37900)
((-0.14, -0.04), 37900)
((-0.14, -0.03), 37900)
((-0.14, -0.02), 37900)
((-0.14, -0.01), 37900)
((-0.14, 0.0), 37900)
((-0.14, 0.01), 37600)
((-0.14, 0.02), 31400)
((-0.14, 0.03), 24100)
((-0.14, 0.04), 18600)
((-0.13, -0.15), 37900)
((-0.13, -0.14), 37900)
((-0.13, -0.13), 27400)
((-0.13, -0.12), 29400)
((-0.13, -0.11), 35800)
((-0.13, -0.1), 37300)
((-0.13, -0.09), 37200)
((-0.13, -0.08), 37900)
((-0.13, -0.07), 37900)
((-0.13, -0.06), 37900)
((-0.13, -0.05), 37900)
((-0.13, -0.04), 37900)
((-0.13, -0.03), 37900)
((-0.13, -0.02), 37900)
((-0.13, -0.01), 37900)
((-0.13, 0.0), 37900)
((-0.13, 0.01), 32400)
((-0.13, 0.02), 25900)
((-0.13, 0.03), 19600)
((-0.13, 0.04), 13300)
((-0.12, -0.15), 32300)
((-0.12, -0.14), 33600)
((-0.12, -0.13), 16700)
((-0.12, -0.12), 14700)
((-0.12, -0.11), 15400)
((-0.12, -0.1), 15700)
((-0.12, -0.09), 13600)
((-0.12, -0.08), 4400)
((-0.12, -0.07), 1400)
((-0.12, -0.06), 1800)
((-0.12, -0.05), 1600)
((-0.12, -0.04), 2300)
((-0.12, -0.03), 6000)
((-0.12, -0.02), 8200)
((-0.12, -0.01), 13100)
((-0.12, 0.0), 1700)
((-0.12, 0.01), 400)
((-0.12, 0.02), 30600)
((-0.12, 0.03), 37900)
((-0.12, 0.04), 37900)
((-0.11, -0.15), 37900)
((-0.11, -0.14), 37300)
((-0.11, -0.13), 19600)
((-0.11, -0.12), 22100)
((-0.11, -0.11), 25600)
((-0.11, -0.1), 23600)
((-0.11, -0.09), 22000)
((-0.11, -0.08), 29500)
((-0.11, -0.07), 36300)
((-0.11, -0.06), 37900)
((-0.11, -0.05), 37900)
((-0.11, -0.04), 37900)
((-0.11, -0.03), 34400)
((-0.11, -0.02), 34200)
((-0.11, -0.01), 28900)
((-0.11, 0.0), 25000)
((-0.11, 0.01), 19400)
((-0.11, 0.02), 16000)
((-0.11, 0.03), 13400)
((-0.11, 0.04), 10300)
((-0.1, -0.15), 22000)
((-0.1, -0.14), 26000)
((-0.1, -0.13), 13000)
((-0.1, -0.12), 13800)
((-0.1, -0.11), 16300)
((-0.1, -0.1), 18100)
((-0.1, -0.09), 17700)
((-0.1, -0.08), 18200)
((-0.1, -0.07), 23900)
((-0.1, -0.06), 27800)
((-0.1, -0.05), 29200)
((-0.1, -0.04), 28500)
((-0.1, -0.03), 26500)
((-0.1, -0.02), 25300)
((-0.1, -0.01), 22000)
((-0.1, 0.0), 19000)
((-0.1, 0.01), 15100)
((-0.1, 0.02), 13400)
((-0.1, 0.03), 10400)
((-0.1, 0.04), 8200)