5  6  7  8  10  11  11  13  13  14  16  15  15  14  13  12  10  9  9  7  
6  7  9  10  13  14  16  18  18  20  20  20  21  20  17  16  14  11  12  9  
8  9  13  13  17  19  21  24  24  27  29  29  27  26  24  23  20  17  15  13  
10  13  16  18  21  24  26  31  32  37  39  38  41  38  32  31  25  22  21  18  
13  16  19  22  29  33  38  45  47  54  57  54  56  53  46  47  39  34  31  26  
16  20  25  30  43  45  56  71  72  79  80  80  82  81  74  78  66  58  50  42  
19  27  36  43  64  66  89  98  98  97  96  94  95  93  98  100  91  82  68  54  
28  40  52  64  78  90  100  98  94  88  86  87  88  89  95  99  99  85  73  56  
29  42  54  66  82  93  99  96  91  85  82  82  83  84  91  97  100  91  78  62  
31  47  57  69  88  95  98  94  88  78  79  77  77  78  84  92  98  99  85  67  
32  46  60  77  92  99  96  90  84  76  71  69  65  68  70  83  94  98  96  76  
35  50  63  81  100  98  92  84  74  68  62  61  56  58  61  73  84  95  99  88  
38  57  70  86  98  96  86  77  69  62  56  53  50  51  55  65  79  91  98  93  
39  61  75  94  96  93  82  72  65  58  53  50  46  46  51  61  73  87  97  94  
39  63  81  98  95  90  79  70  63  56  51  48  46  46  50  59  73  87  96  97  
39  64  82  98  95  89  78  70  64  56  52  49  47  48  52  61  74  87  97  96  
35  63  80  98  96  92  80  72  65  60  54  52  50  52  55  65  78  91  98  92  
28  58  76  92  98  94  83  76  69  63  59  57  55  57  62  71  83  96  100  86  
28  54  71  87  99  96  89  81  75  72  67  62  60  65  69  77  91  98  97  80  
30  50  65  83  100  98  92  85  79  72  68  67  65  68  73  78  91  99  94  73  
