12  25  33  47  9  48  52  64  66  71  74  70  67  63  53  49  35  100  27  22  
18  31  39  69  9  62  70  86  88  89  90  89  85  79  75  64  52  100  35  27  
26  39  47  99  26  78  88  100  100  100  100  100  100  97  93  83  68  81  42  35  
35  48  60  100  55  94  100  100  100  100  100  100  100  100  100  99  85  1  51  40  
42  59  73  100  66  100  100  100  100  100  100  100  100  100  100  100  100  4  66  50  
49  67  84  100  78  100  100  100  100  100  100  100  100  100  100  100  100  35  76  58  
58  77  99  100  96  100  100  100  100  100  100  100  100  100  100  100  100  22  90  67  
63  82  100  100  100  100  100  100  100  100  100  100  100  100  100  100  100  16  91  70  
67  88  100  100  100  100  100  100  100  100  100  100  100  100  100  100  100  6  100  75  
68  88  100  100  100  100  100  100  100  100  100  100  100  100  100  100  100  4  100  77  
67  90  100  100  100  100  100  100  100  100  100  100  100  100  100  100  100  5  100  73  
63  86  100  100  100  100  100  100  100  100  100  100  100  100  100  100  100  4  96  63  
51  68  93  88  100  92  100  100  100  100  100  100  100  100  100  100  100  12  78  48  
36  53  82  91  100  54  100  100  100  100  100  100  100  100  100  100  98  36  58  47  
36  49  86  86  100  56  100  100  100  100  100  100  100  100  100  100  98  41  62  48  
35  37  81  73  100  61  100  100  100  100  100  100  100  100  100  100  94  41  68  43  
32  24  68  68  84  54  100  100  100  100  100  100  100  100  100  96  78  39  58  36  
27  23  59  71  75  46  100  100  100  100  100  100  100  100  100  86  72  44  52  34  
26  38  92  100  98  86  100  100  100  100  100  100  100  100  100  100  100  89  98  69  
24  12  60  86  88  70  100  100  100  100  100  100  100  100  100  100  100  85  100  58  
