2  2  3  3  5  6  7  10  11  12  14  16  16  17  17  16  15  13  11  10  7  5  4  3  3  
2  3  4  5  6  8  9  13  17  18  20  21  22  27  25  26  21  19  17  15  12  8  6  5  3  
3  4  5  7  9  12  15  19  23  25  30  33  33  38  36  38  35  29  24  19  17  13  10  7  5  
4  5  6  8  12  15  19  26  28  36  39  45  45  49  47  47  42  38  34  28  22  18  14  9  6  
4  6  8  11  15  20  25  35  39  46  51  56  57  56  59  56  58  50  44  38  30  25  17  13  8  
5  7  10  15  20  26  33  43  49  55  63  69  70  71  74  69  68  61  56  47  38  28  24  17  11  
6  8  12  17  23  31  40  49  56  66  73  78  80  82  84  80  78  71  66  57  47  37  30  21  13  
7  10  14  20  27  35  47  56  64  73  81  86  88  89  91  87  87  82  75  64  55  45  35  26  18  
8  11  16  22  33  42  52  62  72  79  86  91  94  94  95  92  92  86  80  70  62  50  40  29  20  
8  12  17  25  34  44  54  65  77  85  90  94  96  97  98  97  96  91  85  77  65  55  43  32  22  
8  13  18  27  34  45  58  67  77  86  92  96  97  99  100  99  97  94  87  79  69  58  46  34  23  
8  13  18  27  36  46  59  69  78  87  93  96  97  99  100  99  98  94  89  80  71  59  47  34  24  
8  13  17  26  36  45  57  67  78  85  92  95  97  98  99  98  97  93  88  79  70  58  46  34  23  
8  11  16  25  32  42  54  62  74  82  89  92  95  95  96  95  95  91  84  76  66  55  43  32  22  
6  11  14  22  29  37  49  58  68  76  82  87  90  91  92  92  89  84  77  68  61  49  38  28  18  
5  9  12  19  24  32  39  49  60  67  72  78  81  82  83  81  81  74  68  60  50  41  32  23  15  
3  7  10  14  21  25  34  39  49  55  60  67  70  72  73  69  69  63  57  49  42  34  24  17  11  
2  6  8  11  16  21  28  32  35  44  50  56  58  61  59  59  56  52  46  39  33  26  19  13  8  
2  5  7  9  12  17  23  28  30  38  41  46  48  50  50  48  44  43  38  32  26  20  15  10  6  
2  4  6  7  10  13  18  23  26  30  33  37  40  43  39  38  36  34  30  25  20  14  11  8  5  
2  3  5  6  8  11  13  18  22  24  27  32  32  34  32  32  28  26  24  20  15  10  9  6  4  
1  3  3  4  5  7  9  10  13  15  16  19  21  20  22  20  18  18  16  13  10  7  5  4  3  
1  2  2  3  4  4  6  7  8  8  11  12  12  14  13  12  10  10  9  7  6  4  3  3  2  
1  1  2  2  3  3  4  5  5  6  7  8  8  8  8  7  6  6  6  5  4  3  2  2  1  
1  1  2  2  3  3  4  5  5  6  6  7  7  7  7  6  6  6  6  4  4  3  2  1  1  
