((-0.045, -0.1), 300)
((-0.045, -0.09), 300)
((-0.045, -0.08), 300)
((-0.045, -0.07), 300)
((-0.045, -0.06), 400)
((-0.045, -0.05), 400)
((-0.045, -0.04), 400)
((-0.045, -0.03), 400)
((-0.045, -0.02), 400)
((-0.045, -0.01), 400)
((-0.045, 0.0), 400)
((-0.045, 0.01), 500)
((-0.045, 0.02), 500)
((-0.045, 0.03), 500)
((-0.045, 0.04), 600)
((-0.045, 0.05), 600)
((-0.045, 0.06), 600)
((-0.045, 0.07), 600)
((-0.045, 0.08), 600)
((-0.045, 0.09), 500)
((-0.035, -0.1), 500)
((-0.035, -0.09), 600)
((-0.035, -0.08), 600)
((-0.035, -0.07), 700)
((-0.035, -0.06), 700)
((-0.035, -0.05), 700)
((-0.035, -0.04), 700)
((-0.035, -0.03), 700)
((-0.035, -0.02), 600)
((-0.035, -0.01), 600)
((-0.035, 0.0), 600)
((-0.035, 0.01), 700)
((-0.035, 0.02), 700)
((-0.035, 0.03), 700)
((-0.035, 0.04), 700)
((-0.035, 0.05), 700)
((-0.035, 0.06), 700)
((-0.035, 0.07), 800)
((-0.035, 0.08), 800)
((-0.035, 0.09), 800)
((-0.025, -0.1), 800)
((-0.025, -0.09), 800)
((-0.025, -0.08), 800)
((-0.025, -0.07), 800)
((-0.025, -0.06), 800)
((-0.025, -0.05), 800)
((-0.025, -0.04), 800)
((-0.025, -0.03), 700)
((-0.025, -0.02), 700)
((-0.025, -0.01), 700)
((-0.025, 0.0), 800)
((-0.025, 0.01), 800)
((-0.025, 0.02), 800)
((-0.025, 0.03), 800)
((-0.025, 0.04), 900)
((-0.025, 0.05), 900)
((-0.025, 0.06), 900)
((-0.025, 0.07), 900)
((-0.025, 0.08), 900)
((-0.025, 0.09), 1000)
((-0.015, -0.1), 1000)
((-0.015, -0.09), 1000)
((-0.015, -0.08), 1100)
((-0.015, -0.07), 1100)
((-0.015, -0.06), 1100)
((-0.015, -0.05), 1000)
((-0.015, -0.04), 1000)
((-0.015, -0.03), 900)
((-0.015, -0.02), 900)
((-0.015, -0.01), 900)
((-0.015, 0.0), 900)
((-0.015, 0.01), 1000)
((-0.015, 0.02), 1000)
((-0.015, 0.03), 1100)
((-0.015, 0.04), 1100)
((-0.015, 0.05), 1100)
((-0.015, 0.06), 1100)
((-0.015, 0.07), 1200)
((-0.015, 0.08), 1200)
((-0.015, 0.09), 1200)
((-0.005, -0.1), 1300)
((-0.005, -0.09), 1400)
((-0.005, -0.08), 1400)
((-0.005, -0.07), 1400)
((-0.005, -0.06), 1400)
((-0.005, -0.05), 1300)
((-0.005, -0.04), 1300)
((-0.005, -0.03), 1200)
((-0.005, -0.02), 1200)
((-0.005, -0.01), 1200)
((-0.005, 0.0), 1200)
((-0.005, 0.01), 1300)
((-0.005, 0.02), 1300)
((-0.005, 0.03), 1400)
((-0.005, 0.04), 1500)
((-0.005, 0.05), 1500)
((-0.005, 0.06), 1500)
((-0.005, 0.07), 1600)
((-0.005, 0.08), 1600)
((-0.005, 0.09), 1600)
((0.005, -0.1), 1700)
((0.005, -0.09), 1900)
((0.005, -0.08), 1900)
((0.005, -0.07), 1900)
((0.005, -0.06), 1900)
((0.005, -0.05), 1800)
((0.005, -0.04), 1700)
((0.005, -0.03), 1700)
((0.005, -0.02), 1700)
((0.005, -0.01), 1600)
((0.005, 0.0), 1600)
((0.005, 0.01), 1700)
((0.005, 0.02), 1800)
((0.005, 0.03), 1900)
((0.005, 0.04), 2000)
((0.005, 0.05), 2000)
((0.005, 0.06), 2100)
((0.005, 0.07), 2200)
((0.005, 0.08), 2200)
((0.005, 0.09), 2300)
((0.015, -0.1), 2200)
((0.015, -0.09), 2400)
((0.015, -0.08), 2500)
((0.015, -0.07), 2500)
((0.015, -0.06), 2500)
((0.015, -0.05), 2400)
((0.015, -0.04), 2200)
((0.015, -0.03), 2100)
((0.015, -0.02), 2100)
((0.015, -0.01), 2100)
((0.015, 0.0), 2200)
((0.015, 0.01), 2300)
((0.015, 0.02), 2400)
((0.015, 0.03), 2500)
((0.015, 0.04), 2600)
((0.015, 0.05), 2700)
((0.015, 0.06), 2900)
((0.015, 0.07), 3000)
((0.015, 0.08), 3100)
((0.015, 0.09), 3100)
((0.025, -0.1), 3200)
((0.025, -0.09), 3600)
((0.025, -0.08), 3800)
((0.025, -0.07), 4000)
((0.025, -0.06), 4200)
((0.025, -0.05), 3900)
((0.025, -0.04), 3500)
((0.025, -0.03), 3400)
((0.025, -0.02), 3500)
((0.025, -0.01), 3400)
((0.025, 0.0), 3400)
((0.025, 0.01), 3600)
((0.025, 0.02), 3900)
((0.025, 0.03), 4100)
((0.025, 0.04), 4200)
((0.025, 0.05), 4300)
((0.025, 0.06), 4500)
((0.025, 0.07), 4600)
((0.025, 0.08), 4900)
((0.025, 0.09), 4700)
((0.035, -0.1), 4800)
((0.035, -0.09), 5100)
((0.035, -0.08), 5200)
((0.035, -0.07), 5200)
((0.035, -0.06), 5200)
((0.035, -0.05), 5000)
((0.035, -0.04), 4600)
((0.035, -0.03), 4400)
((0.035, -0.02), 4500)
((0.035, -0.01), 4400)
((0.035, 0.0), 4500)
((0.035, 0.01), 4700)
((0.035, 0.02), 5000)
((0.035, 0.03), 5200)
((0.035, 0.04), 5400)
((0.035, 0.05), 5800)
((0.035, 0.06), 6200)
((0.035, 0.07), 6400)
((0.035, 0.08), 6700)
((0.035, 0.09), 6800)
((0.045, -0.1), 6900)
((0.045, -0.09), 7600)
((0.045, -0.08), 7900)
((0.045, -0.07), 7800)
((0.045, -0.06), 7900)
((0.045, -0.05), 7400)
((0.045, -0.04), 7000)
((0.045, -0.03), 6600)
((0.045, -0.02), 6500)
((0.045, -0.01), 6500)
((0.045, 0.0), 6600)
((0.045, 0.01), 6900)
((0.045, 0.02), 7600)
((0.045, 0.03), 8000)
((0.045, 0.04), 8100)
((0.045, 0.05), 8500)
((0.045, 0.06), 8700)
((0.045, 0.07), 9000)
((0.045, 0.08), 9300)
((0.045, 0.09), 9500)
((0.055, -0.1), 10000)
((0.055, -0.09), 10800)
((0.055, -0.08), 11400)
((0.055, -0.07), 11900)
((0.055, -0.06), 12000)
((0.055, -0.05), 10900)
((0.055, -0.04), 10200)
((0.055, -0.03), 9700)
((0.055, -0.02), 9300)
((0.055, -0.01), 9100)
((0.055, 0.0), 9500)
((0.055, 0.01), 9800)
((0.055, 0.02), 10100)
((0.055, 0.03), 10400)
((0.055, 0.04), 10900)
((0.055, 0.05), 11200)
((0.055, 0.06), 11800)
((0.055, 0.07), 12300)
((0.055, 0.08), 12500)
((0.055, 0.09), 12700)
((0.065, -0.1), 13700)
((0.065, -0.09), 15300)
((0.065, -0.08), 15600)
((0.065, -0.07), 15900)
((0.065, -0.06), 14800)
((0.065, -0.05), 14300)
((0.065, -0.04), 13300)
((0.065, -0.03), 12100)
((0.065, -0.02), 11900)
((0.065, -0.01), 11900)
((0.065, 0.0), 12200)
((0.065, 0.01), 12700)
((0.065, 0.02), 13400)
((0.065, 0.03), 14000)
((0.065, 0.04), 15000)
((0.065, 0.05), 15800)
((0.065, 0.06), 16600)
((0.065, 0.07), 17400)
((0.065, 0.08), 18300)
((0.065, 0.09), 19600)
((0.075, -0.1), 20100)
((0.075, -0.09), 21000)
((0.075, -0.08), 21300)
((0.075, -0.07), 22100)
((0.075, -0.06), 23100)
((0.075, -0.05), 21600)
((0.075, -0.04), 19300)
((0.075, -0.03), 18900)
((0.075, -0.02), 17800)
((0.075, -0.01), 17700)
((0.075, 0.0), 18000)
((0.075, 0.01), 18700)
((0.075, 0.02), 19800)
((0.075, 0.03), 20500)
((0.075, 0.04), 21900)
((0.075, 0.05), 22200)
((0.075, 0.06), 24100)
((0.075, 0.07), 25100)
((0.075, 0.08), 25400)
((0.075, 0.09), 26600)
((0.085, -0.1), 27700)
((0.085, -0.09), 31700)
((0.085, -0.08), 34100)
((0.085, -0.07), 31200)
((0.085, -0.06), 30100)
((0.085, -0.05), 29300)
((0.085, -0.04), 26900)
((0.085, -0.03), 24700)
((0.085, -0.02), 23900)
((0.085, -0.01), 24000)
((0.085, 0.0), 24300)
((0.085, 0.01), 25600)
((0.085, 0.02), 27100)
((0.085, 0.03), 28200)
((0.085, 0.04), 30200)
((0.085, 0.05), 31100)
((0.085, 0.06), 32700)
((0.085, 0.07), 34700)
((0.085, 0.08), 36100)
((0.085, 0.09), 38600)
((0.095, -0.1), 38700)
((0.095, -0.09), 39900)
((0.095, -0.08), 41300)
((0.095, -0.07), 40800)
((0.095, -0.06), 38400)
((0.095, -0.05), 37300)
((0.095, -0.04), 34400)
((0.095, -0.03), 32100)
((0.095, -0.02), 31100)
((0.095, -0.01), 31700)
((0.095, 0.0), 32300)
((0.095, 0.01), 34600)
((0.095, 0.02), 34800)
((0.095, 0.03), 35000)
((0.095, 0.04), 37500)
((0.095, 0.05), 39500)
((0.095, 0.06), 43100)
((0.095, 0.07), 44200)
((0.095, 0.08), 46300)
((0.095, 0.09), 47400)
((0.105, -0.1), 46000)
((0.105, -0.09), 50900)
((0.105, -0.08), 55300)
((0.105, -0.07), 54400)
((0.105, -0.06), 52900)
((0.105, -0.05), 49700)
((0.105, -0.04), 45300)
((0.105, -0.03), 42700)
((0.105, -0.02), 43000)
((0.105, -0.01), 40700)
((0.105, 0.0), 41300)
((0.105, 0.01), 44500)
((0.105, 0.02), 46500)
((0.105, 0.03), 47200)
((0.105, 0.04), 51600)
((0.105, 0.05), 53000)
((0.105, 0.06), 55200)
((0.105, 0.07), 57100)
((0.105, 0.08), 58000)
((0.105, 0.09), 60200)
((0.115, -0.1), 60500)
((0.115, -0.09), 62600)
((0.115, -0.08), 63200)
((0.115, -0.07), 61500)
((0.115, -0.06), 58300)
((0.115, -0.05), 57300)
((0.115, -0.04), 51100)
((0.115, -0.03), 50700)
((0.115, -0.02), 48900)
((0.115, -0.01), 47000)
((0.115, 0.0), 50500)
((0.115, 0.01), 50400)
((0.115, 0.02), 52200)
((0.115, 0.03), 52800)
((0.115, 0.04), 56100)
((0.115, 0.05), 58500)
((0.115, 0.06), 63100)
((0.115, 0.07), 65800)
((0.115, 0.08), 68000)
((0.115, 0.09), 69400)
((0.125, -0.1), 69100)
((0.125, -0.09), 73800)
((0.125, -0.08), 74100)
((0.125, -0.07), 74500)
((0.125, -0.06), 70600)
((0.125, -0.05), 68900)
((0.125, -0.04), 64600)
((0.125, -0.03), 62800)
((0.125, -0.02), 58000)
((0.125, -0.01), 56300)
((0.125, 0.0), 57000)
((0.125, 0.01), 59400)
((0.125, 0.02), 62800)
((0.125, 0.03), 68200)
((0.125, 0.04), 70100)
((0.125, 0.05), 71900)
((0.125, 0.06), 74300)
((0.125, 0.07), 77200)
((0.125, 0.08), 77900)
((0.125, 0.09), 79500)
((0.135, -0.1), 81500)
((0.135, -0.09), 83300)
((0.135, -0.08), 83800)
((0.135, -0.07), 81700)
((0.135, -0.06), 77700)
((0.135, -0.05), 75200)
((0.135, -0.04), 69700)
((0.135, -0.03), 66300)
((0.135, -0.02), 65500)
((0.135, -0.01), 64800)
((0.135, 0.0), 67600)
((0.135, 0.01), 68300)
((0.135, 0.02), 70200)
((0.135, 0.03), 71300)
((0.135, 0.04), 73300)
((0.135, 0.05), 78000)
((0.135, 0.06), 81500)
((0.135, 0.07), 83600)
((0.135, 0.08), 85600)
((0.135, 0.09), 86200)
((0.145, -0.1), 80400)
((0.145, -0.09), 88000)
((0.145, -0.08), 89900)
((0.145, -0.07), 90100)
((0.145, -0.06), 89400)
((0.145, -0.05), 84600)
((0.145, -0.04), 79700)
((0.145, -0.03), 73700)
((0.145, -0.02), 72600)
((0.145, -0.01), 71000)
((0.145, 0.0), 72500)
((0.145, 0.01), 74700)
((0.145, 0.02), 79400)
((0.145, 0.03), 83500)
((0.145, 0.04), 84900)
((0.145, 0.05), 87900)
((0.145, 0.06), 89300)
((0.145, 0.07), 90700)
((0.145, 0.08), 91900)
((0.145, 0.09), 92800)
